{
 "cells": [
  {
   "cell_type": "code",
   "execution_count": 42,
   "id": "cefa614a-6fb6-4858-90fb-90e7aae0c1f9",
   "metadata": {},
   "outputs": [
    {
     "name": "stdout",
     "output_type": "stream",
     "text": [
      "[[ 4186595.45720868 -1532400.2927069  -1121794.87179487 -1532400.2927069 ]\n",
      " [-1532400.2927069   2243589.74358974   410605.42091203 -1121794.87179487]\n",
      " [-1121794.87179487   410605.42091203   300584.02997081   410605.42091203]\n",
      " [-1532400.2927069  -1121794.87179487   410605.42091203  2243589.74358974]]\n",
      "[[ 2243589.74358974 -1532400.2927069  -1121794.87179487   410605.42091203]\n",
      " [-1532400.2927069   4186595.45720868 -1532400.2927069  -1121794.87179487]\n",
      " [-1121794.87179487 -1532400.2927069   2243589.74358974   410605.42091203]\n",
      " [  410605.42091203 -1121794.87179487   410605.42091203   300584.02997081]]\n",
      "[[  300584.02997081   410605.42091203 -1121794.87179487   410605.42091203]\n",
      " [  410605.42091203  2243589.74358974 -1532400.2927069  -1121794.87179487]\n",
      " [-1121794.87179487 -1532400.2927069   4186595.45720868 -1532400.2927069 ]\n",
      " [  410605.42091203 -1121794.87179487 -1532400.2927069   2243589.74358974]]\n",
      "[[ 2243589.74358974   410605.42091203 -1121794.87179487 -1532400.2927069 ]\n",
      " [  410605.42091203   300584.02997081   410605.42091203 -1121794.87179487]\n",
      " [-1121794.87179487   410605.42091203  2243589.74358974 -1532400.2927069 ]\n",
      " [-1532400.2927069  -1121794.87179487 -1532400.2927069   4186595.45720868]]\n",
      "Displacements: [     0.              0.              0.              0.\n",
      "      0.              0.              0.              0.\n",
      "      0.              0.              0.          40415.99168663\n",
      "  38537.8494934  -49228.14767774 -34566.13803654   3667.84400889\n",
      "      0.              0.              0.              0.        ]\n"
     ]
    }
   ],
   "source": [
    "import numpy as np\n",
    "\n",
    "# Material properties\n",
    "E = 2.1e9  # Young's modulus (Pa)\n",
    "nu = 0.3   # Poisson's ratio\n",
    "t = 0.01   # Thickness (m)\n",
    "\n",
    "# Geometry (node positions for a quadrilateral element)\n",
    "nodes = np.array([[0, 0, 0], [1, 0, 0], [1, 1, 0], [0, 1, 0]])\n",
    "\n",
    "# Nodal Displacements (u, v, w, rotations)\n",
    "u = np.zeros(20)  # Placeholder for 5 DOFs per node, 4 nodes\n",
    "# Fill in initial displacement values here\n",
    "\n",
    "# Shape functions for MITC4 element (4-node quadrilateral)\n",
    "def shape_functions(xi, eta):\n",
    "    \"\"\"Shape functions and their derivatives for MITC4 elements.\"\"\"\n",
    "    \n",
    "    # Shape functions for a 4-node quadrilateral element\n",
    "    N1 = 0.25 * (1 - xi) * (1 - eta)\n",
    "    N2 = 0.25 * (1 + xi) * (1 - eta)\n",
    "    N3 = 0.25 * (1 + xi) * (1 + eta)\n",
    "    N4 = 0.25 * (1 - xi) * (1 + eta)\n",
    "    \n",
    "    # Derivatives of shape functions w.r.t. xi and eta\n",
    "    dN1_dxi = -0.25 * (1 - eta)\n",
    "    dN1_deta = -0.25 * (1 - xi)\n",
    "    \n",
    "    dN2_dxi = 0.25 * (1 - eta)\n",
    "    dN2_deta = -0.25 * (1 + xi)\n",
    "    \n",
    "    dN3_dxi = 0.25 * (1 + eta)\n",
    "    dN3_deta = 0.25 * (1 + xi)\n",
    "    \n",
    "    dN4_dxi = -0.25 * (1 + eta)\n",
    "    dN4_deta = 0.25 * (1 - xi)\n",
    "    \n",
    "    # Returning the shape functions and their derivatives\n",
    "    N = np.array([N1, N2, N3, N4])\n",
    "    dN_dxi = np.array([dN1_dxi, dN2_dxi, dN3_dxi, dN4_dxi])\n",
    "    dN_deta = np.array([dN1_deta, dN2_deta, dN3_deta, dN4_deta])\n",
    "    \n",
    "    return N, dN_dxi, dN_deta\n",
    "\n",
    "# Compute the stiffness matrix for membrane, shear, and bending components\n",
    "def compute_membrane_stiffness(N, dN_dxi, dN_deta, material_properties, thickness):\n",
    "    E, nu = material_properties\n",
    "    # Plane stress assumption for shell, constitutive matrix D\n",
    "    D_m = E / (1 - nu**2) * np.array([[1, nu, 0],\n",
    "                                      [nu, 1, 0],\n",
    "                                      [0, 0, (1 - nu) / 2]])\n",
    "\n",
    "    # Create the MITC strain-displacement matrix B for membrane\n",
    "    B_m = np.zeros((3, 8))  # Placeholder for the membrane B-matrix\n",
    "    for i in range(4):\n",
    "        B_m[0, 2*i] = dN_dxi[i]\n",
    "        B_m[1, 2*i+1] = dN_deta[i]\n",
    "        B_m[2, 2*i] = dN_deta[i]\n",
    "        B_m[2, 2*i+1] = dN_dxi[i]\n",
    "\n",
    "    # Membrane stiffness contribution using MITC formulation\n",
    "    K_m = np.dot(B_m.T, np.dot(D_m, B_m)) * thickness\n",
    "    return K_m\n",
    "    \n",
    "def compute_bending_stiffness(N, dN_dxi, dN_deta, material_properties, thickness):\n",
    "    E, nu = material_properties\n",
    "    # Bending stiffness matrix for thin shells (with MITC correction)\n",
    "    D_b = E * thickness**3 / (12 * (1 - nu**2)) * np.array([[1, nu, 0],\n",
    "                                                           [nu, 1, 0],\n",
    "                                                           [0, 0, (1 - nu) / 2]])\n",
    "\n",
    "    # Second derivatives of shape functions for bending\n",
    "    d2N_dxi2 = np.zeros(4)  # Second derivatives wrt xi\n",
    "    d2N_deta2 = np.zeros(4)  # Second derivatives wrt eta\n",
    "    d2N_dxideta = np.zeros(4)  # Mixed second derivatives\n",
    "\n",
    "    for i in range(4):\n",
    "        d2N_dxi2[i] = dN_dxi[i] ** 2\n",
    "        d2N_deta2[i] = dN_deta[i] ** 2\n",
    "        d2N_dxideta[i] = dN_dxi[i] * dN_deta[i]\n",
    "\n",
    "    # Bending strain-displacement matrix (second derivatives of N)\n",
    "    B_b = np.zeros((3, 8))  # Placeholder for bending B-matrix\n",
    "    for i in range(4):\n",
    "        B_b[0, 2*i] = d2N_dxi2[i]\n",
    "        B_b[1, 2*i+1] = d2N_deta2[i]\n",
    "        B_b[2, 2*i] = d2N_dxideta[i]\n",
    "        B_b[2, 2*i+1] = d2N_dxideta[i]\n",
    "\n",
    "    # Bending stiffness contribution with MITC\n",
    "    K_b = np.dot(B_b.T, np.dot(D_b, B_b)) * thickness\n",
    "    return K_b\n",
    "def compute_shear_stiffness(N, dN_dxi, dN_deta, material_properties, thickness):\n",
    "    E, nu = material_properties\n",
    "    # Shear modulus (assuming isotropic material)\n",
    "    G = E / (2 * (1 + nu))\n",
    "    \n",
    "    # Shear correction factor (approximated)\n",
    "    k_shear = 5 / 6  # Typically used value for 4-node quadrilateral shells\n",
    "    \n",
    "    # Compute shear strain-displacement matrix S (for 4 DOFs, not 8)\n",
    "    S = np.zeros((4, 4))  # 4 DOFs for shear (transverse displacement)\n",
    "    for i in range(4):\n",
    "        S[0, i] = dN_dxi[i]\n",
    "        S[1, i] = dN_deta[i]\n",
    "        S[2, i] = dN_deta[i]\n",
    "        S[3, i] = dN_dxi[i]\n",
    "\n",
    "    # Shear stiffness matrix with correction\n",
    "    K_s = k_shear * np.dot(S.T, np.dot(G, S)) * thickness\n",
    "    return K_s\n",
    "\n",
    "\n",
    "# Compute the global stiffness matrix\n",
    "def compute_stiffness_matrix(nodes, material_properties):\n",
    "    \"\"\"Assembly of stiffness matrix for the MITC4 shell element\"\"\"\n",
    "    # Initialize the global stiffness matrix for a shell element with 5 DOFs per node (20 DOFs)\n",
    "    K_total = np.zeros((20, 20))  \n",
    "    \n",
    "    # Loop over integration points (typically Gauss quadrature for 2D integration)\n",
    "    integration_points = [(-1/np.sqrt(3), -1/np.sqrt(3)), (1/np.sqrt(3), -1/np.sqrt(3)),\n",
    "                          (1/np.sqrt(3), 1/np.sqrt(3)), (-1/np.sqrt(3), 1/np.sqrt(3))]  # 2x2 Gauss points\n",
    "\n",
    "    for xi, eta in integration_points:\n",
    "        N, dN_dxi, dN_deta = shape_functions(xi, eta)\n",
    "\n",
    "        # Compute membrane stiffness (based on shape functions, material properties)\n",
    "        K_m = compute_membrane_stiffness(N, dN_dxi, dN_deta, material_properties,t)\n",
    "\n",
    "        # Compute bending stiffness (based on rotation and bending shape functions)\n",
    "        K_b = compute_bending_stiffness(N, dN_dxi, dN_deta, material_properties,t)\n",
    "\n",
    "        # Compute shear stiffness (modified shape functions for MITC shear correction)\n",
    "        K_s = compute_shear_stiffness(N, dN_dxi, dN_deta, material_properties,t)\n",
    "\n",
    "        # Assemble into the global stiffness matrix\n",
    "        # Since this is a 4-node element with 5 DOFs per node, we need to add to the correct DOFs in the global matrix\n",
    "        # (this step assumes you are assembling into the correct degrees of freedom)\n",
    "        K_total[0:8, 0:8] += K_m\n",
    "        \n",
    "        # Bending DOFs (8 DOFs for bending)\n",
    "        K_total[8:16, 8:16] += K_b  # Bending stiffness (8x8)\n",
    "        \n",
    "        # Shear DOFs (8 DOFs for shear)\n",
    "        print (K_s)\n",
    "        K_total[16:20, 16:20] += K_s  # Shear stiffness (8x8)\n",
    "    \n",
    "    return K_total\n",
    "\n",
    "# Define the load vector (simple example, add forces to specific nodes)\n",
    "F = np.zeros(20)  # Load vector for 20 DOFs\n",
    "F[13] = -100  # Force at node 3 (e.g., applied in the z direction)\n",
    "\n",
    "# Boundary conditions (fix some nodes)\n",
    "fixed_dofs = np.array([0, 1, 2, 3, 4, 5,6,7,8,9,10])  # Fix all DOFs at node 0\n",
    "free_dofs = np.setdiff1d(np.arange(20), fixed_dofs)\n",
    "\n",
    "# Compute the stiffness matrix\n",
    "K_total = compute_stiffness_matrix(nodes, (E, nu))\n",
    "\n",
    "# Solve the system of equations (for displacements)\n",
    "K_total_reduced = K_total[np.ix_(free_dofs, free_dofs)]\n",
    "F_reduced = F[free_dofs]\n",
    "\n",
    "# Solve for displacements\n",
    "U_reduced = np.linalg.solve(K_total_reduced, F_reduced)\n",
    "\n",
    "# Reconstruct full displacement vector\n",
    "U = np.zeros(20)\n",
    "U[free_dofs] = U_reduced\n",
    "\n",
    "# Output results (deformed shape, stresses, etc.)\n",
    "print(\"Displacements:\", U)\n"
   ]
  }
 ],
 "metadata": {
  "kernelspec": {
   "display_name": "Python 3 (ipykernel)",
   "language": "python",
   "name": "python3"
  },
  "language_info": {
   "codemirror_mode": {
    "name": "ipython",
    "version": 3
   },
   "file_extension": ".py",
   "mimetype": "text/x-python",
   "name": "python",
   "nbconvert_exporter": "python",
   "pygments_lexer": "ipython3",
   "version": "3.10.12"
  }
 },
 "nbformat": 4,
 "nbformat_minor": 5
}
